File,DATA16.txt
Date/Time,17-06-28/00:33

Center,1556.05,nm
Span,104.3,nm
Start,1503.9,nm
Stop,1608.2,nm
Value in Air
Resolution,0.1,nm
Act-Res,0.095,nm
VBW,1000,Hz
Pt_Avg,10
Smooth,9,pt
Smplg,501,pt
Opt.ATT,Off
Dynamic Range,High
Normal



Trace,A
Memory,A
Start,1503.9,nm
Stop,1608.2,nm
1503.9,0.2651E-7,1.0000E-12
1504.1086,0.2509E-7,1.0000E-12
1504.3172,0.2182E-7,1.0000E-12
1504.5258,0.1855E-7,1.0000E-12
1504.7344,0.1686E-7,1.0000E-12
1504.943,0.1641E-7,1.0000E-12
1505.1516,0.1229E-7,1.0000E-12
1505.3602,0.1129E-7,1.0000E-12
1505.5688,0.9785E-8,1.0000E-12
1505.7774,0.7025E-8,1.0000E-12
1505.986,0.1150E-8,1.0000E-12
1506.1946,0.3954E-9,1.0000E-12
1506.4032,0.6977E-8,1.0000E-12
1506.6118,0.5419E-8,1.0000E-12
1506.8204,0.1730E-8,1.0000E-12
1507.029,0.2756E-8,1.0000E-12
1507.2376,0.5158E-8,1.0000E-12
1507.4462,0.4117E-8,1.0000E-12
1507.6548,0.9531E-8,1.0000E-12
1507.8634,0.9078E-8,1.0000E-12
1508.072,0.1016E-7,1.0000E-12
1508.2806,0.1065E-7,1.0000E-12
1508.4892,0.1172E-7,1.0000E-12
1508.6978,0.1238E-7,1.0000E-12
1508.9064,0.1580E-7,1.0000E-12
1509.115,0.1564E-7,1.0000E-12
1509.3236,0.1610E-7,1.0000E-12
1509.5322,0.1850E-7,1.0000E-12
1509.7408,0.2099E-7,1.0000E-12
1509.9494,0.2283E-7,1.0000E-12
1510.158,0.2791E-7,1.0000E-12
1510.3666,0.3287E-7,1.0000E-12
1510.5752,0.3586E-7,1.0000E-12
1510.7838,0.3671E-7,1.0000E-12
1510.9924,0.4209E-7,1.0000E-12
1511.201,0.4713E-7,1.0000E-12
1511.4096,0.5136E-7,1.0000E-12
1511.6182,0.5556E-7,1.0000E-12
1511.8268,0.6095E-7,1.0000E-12
1512.0354,0.6574E-7,1.0000E-12
1512.244,0.6856E-7,1.0000E-12
1512.4526,0.7446E-7,1.0000E-12
1512.6612,0.8047E-7,1.0000E-12
1512.8698,0.8610E-7,1.0000E-12
1513.0784,0.9189E-7,1.0000E-12
1513.287,0.9864E-7,1.0000E-12
1513.4956,0.1049E-6,1.0000E-12
1513.7042,0.1105E-6,1.0000E-12
1513.9128,0.1161E-6,1.0000E-12
1514.1214,0.1242E-6,1.0000E-12
1514.33,0.1295E-6,1.0000E-12
1514.5386,0.1380E-6,1.0000E-12
1514.7472,0.1425E-6,1.0000E-12
1514.9558,0.1472E-6,1.0000E-12
1515.1644,0.1541E-6,1.0000E-12
1515.373,0.1606E-6,1.0000E-12
1515.5816,0.1683E-6,1.0000E-12
1515.7902,0.1724E-6,1.0000E-12
1515.9988,0.1766E-6,1.0000E-12
1516.2074,0.1816E-6,1.0000E-12
1516.416,0.1821E-6,1.0000E-12
1516.6246,0.1901E-6,1.0000E-12
1516.8332,0.1963E-6,1.0000E-12
1517.0418,0.1977E-6,1.0000E-12
1517.2504,0.1997E-6,1.0000E-12
1517.459,0.2033E-6,1.0000E-12
1517.6676,0.2065E-6,1.0000E-12
1517.8762,0.2130E-6,1.0000E-12
1518.0848,0.2153E-6,1.0000E-12
1518.2934,0.2205E-6,1.0000E-12
1518.502,0.2208E-6,1.0000E-12
1518.7106,0.2233E-6,1.0000E-12
1518.9192,0.2248E-6,1.0000E-12
1519.1278,0.2278E-6,1.0000E-12
1519.3364,0.2295E-6,1.0000E-12
1519.545,0.2326E-6,1.0000E-12
1519.7536,0.2308E-6,1.0000E-12
1519.9622,0.2310E-6,1.0000E-12
1520.1708,0.2272E-6,1.0000E-12
1520.3794,0.2248E-6,1.0000E-12
1520.588,0.2218E-6,1.0000E-12
1520.7966,0.2198E-6,1.0000E-12
1521.0052,0.2180E-6,1.0000E-12
1521.2138,0.2167E-6,1.0000E-12
1521.4224,0.2137E-6,1.0000E-12
1521.631,0.2109E-6,1.0000E-12
1521.8396,0.2098E-6,1.0000E-12
1522.0482,0.2122E-6,1.0000E-12
1522.2568,0.2093E-6,1.0000E-12
1522.4654,0.2059E-6,1.0000E-12
1522.674,0.2043E-6,1.0000E-12
1522.8826,0.1997E-6,1.0000E-12
1523.0912,0.1936E-6,1.0000E-12
1523.2998,0.1893E-6,1.0000E-12
1523.5084,0.1845E-6,1.0000E-12
1523.717,0.1787E-6,1.0000E-12
1523.9256,0.1720E-6,1.0000E-12
1524.1342,0.1680E-6,1.0000E-12
1524.3428,0.1646E-6,1.0000E-12
1524.5514,0.1546E-6,1.0000E-12
1524.76,0.1464E-6,1.0000E-12
1524.9686,0.1390E-6,1.0000E-12
1525.1772,0.1321E-6,1.0000E-12
1525.3858,0.1251E-6,1.0000E-12
1525.5944,0.1206E-6,1.0000E-12
1525.803,0.1158E-6,1.0000E-12
1526.0116,0.1090E-6,1.0000E-12
1526.2202,0.9816E-7,1.0000E-12
1526.4288,0.9308E-7,1.0000E-12
1526.6374,0.8983E-7,1.0000E-12
1526.846,0.8729E-7,1.0000E-12
1527.0546,0.8253E-7,1.0000E-12
1527.2632,0.7793E-7,1.0000E-12
1527.4718,0.7017E-7,1.0000E-12
1527.6804,0.6163E-7,1.0000E-12
1527.889,0.5498E-7,1.0000E-12
1528.0976,0.5395E-7,1.0000E-12
1528.3062,0.5177E-7,1.0000E-12
1528.5148,0.4544E-7,1.0000E-12
1528.7234,0.3903E-7,1.0000E-12
1528.932,0.3149E-7,1.0000E-12
1529.1406,0.2668E-7,1.0000E-12
1529.3492,0.2173E-7,1.0000E-12
1529.5578,0.1838E-7,1.0000E-12
1529.7664,0.1649E-7,1.0000E-12
1529.975,0.1461E-7,1.0000E-12
1530.1836,0.1050E-7,1.0000E-12
1530.3922,0.1013E-7,1.0000E-12
1530.6008,0.4631E-8,1.0000E-12
1530.8094,0.9785E-8,1.0000E-12
1531.018,0.2609E-8,1.0000E-12
1531.2266,0.6224E-8,1.0000E-12
1531.4352,0.9650E-8,1.0000E-12
1531.6438,0.8912E-8,1.0000E-12
1531.8524,0.3077E-8,1.0000E-12
1532.061,0.7916E-8,1.0000E-12
1532.2696,0.4044E-9,1.0000E-12
1532.4782,0.9920E-8,1.0000E-12
1532.6868,0.5994E-8,1.0000E-12
1532.8954,0.1634E-7,1.0000E-12
1533.104,0.7259E-8,1.0000E-12
1533.3126,0.8991E-8,1.0000E-12
1533.5212,0.2651E-7,1.0000E-12
1533.7298,0.2965E-7,1.0000E-12
1533.9384,0.3423E-7,1.0000E-12
1534.147,0.4212E-7,1.0000E-12
1534.3556,0.4680E-7,1.0000E-12
1534.5642,0.5337E-7,1.0000E-12
1534.7728,0.5832E-7,1.0000E-12
1534.9814,0.6641E-7,1.0000E-12
1535.19,0.7310E-7,1.0000E-12
1535.3986,0.8277E-7,1.0000E-12
1535.6072,0.9570E-7,1.0000E-12
1535.8158,0.1072E-6,1.0000E-12
1536.0244,0.1162E-6,1.0000E-12
1536.233,0.1295E-6,1.0000E-12
1536.4416,0.1403E-6,1.0000E-12
1536.6502,0.1522E-6,1.0000E-12
1536.8588,0.1620E-6,1.0000E-12
1537.0674,0.1750E-6,1.0000E-12
1537.276,0.1919E-6,1.0000E-12
1537.4846,0.2083E-6,1.0000E-12
1537.6932,0.2239E-6,1.0000E-12
1537.9018,0.2409E-6,1.0000E-12
1538.1104,0.2575E-6,1.0000E-12
1538.319,0.2753E-6,1.0000E-12
1538.5276,0.2947E-6,1.0000E-12
1538.7362,0.3167E-6,1.0000E-12
1538.9448,0.3375E-6,1.0000E-12
1539.1534,0.3545E-6,1.0000E-12
1539.362,0.3716E-6,1.0000E-12
1539.5706,0.3910E-6,1.0000E-12
1539.7792,0.4110E-6,1.0000E-12
1539.9878,0.4289E-6,1.0000E-12
1540.1964,0.4476E-6,1.0000E-12
1540.405,0.4657E-6,1.0000E-12
1540.6136,0.4824E-6,1.0000E-12
1540.8222,0.4979E-6,1.0000E-12
1541.0308,0.5152E-6,1.0000E-12
1541.2394,0.5361E-6,1.0000E-12
1541.448,0.5570E-6,1.0000E-12
1541.6566,0.5728E-6,1.0000E-12
1541.8652,0.5895E-6,1.0000E-12
1542.0738,0.6044E-6,1.0000E-12
1542.2824,0.6191E-6,1.0000E-12
1542.491,0.6357E-6,1.0000E-12
1542.6996,0.6488E-6,1.0000E-12
1542.9082,0.6640E-6,1.0000E-12
1543.1168,0.6743E-6,1.0000E-12
1543.3254,0.6851E-6,1.0000E-12
1543.534,0.6972E-6,1.0000E-12
1543.7426,0.7059E-6,1.0000E-12
1543.9512,0.7151E-6,1.0000E-12
1544.1598,0.7254E-6,1.0000E-12
1544.3684,0.7309E-6,1.0000E-12
1544.577,0.7427E-6,1.0000E-12
1544.7856,0.7454E-6,1.0000E-12
1544.9942,0.7468E-6,1.0000E-12
1545.2028,0.7436E-6,1.0000E-12
1545.4114,0.7440E-6,1.0000E-12
1545.62,0.7465E-6,1.0000E-12
1545.8286,0.7459E-6,1.0000E-12
1546.0372,0.7396E-6,1.0000E-12
1546.2458,0.7323E-6,1.0000E-12
1546.4544,0.7209E-6,1.0000E-12
1546.663,0.7132E-6,1.0000E-12
1546.8716,0.7062E-6,1.0000E-12
1547.0802,0.6971E-6,1.0000E-12
1547.2888,0.6818E-6,1.0000E-12
1547.4974,0.6652E-6,1.0000E-12
1547.706,0.6513E-6,1.0000E-12
1547.9146,0.6381E-6,1.0000E-12
1548.1232,0.6244E-6,1.0000E-12
1548.3318,0.6101E-6,1.0000E-12
1548.5404,0.5919E-6,1.0000E-12
1548.749,0.5734E-6,1.0000E-12
1548.9576,0.5535E-6,1.0000E-12
1549.1662,0.5372E-6,1.0000E-12
1549.3748,0.5169E-6,1.0000E-12
1549.5834,0.4956E-6,1.0000E-12
1549.792,0.4747E-6,1.0000E-12
1550.0006,0.4579E-6,1.0000E-12
1550.2092,0.4349E-6,1.0000E-12
1550.4178,0.4173E-6,1.0000E-12
1550.6264,0.3983E-6,1.0000E-12
1550.835,0.3809E-6,1.0000E-12
1551.0436,0.3595E-6,1.0000E-12
1551.2522,0.3406E-6,1.0000E-12
1551.4608,0.3231E-6,1.0000E-12
1551.6694,0.3048E-6,1.0000E-12
1551.878,0.2821E-6,1.0000E-12
1552.0866,0.2615E-6,1.0000E-12
1552.2952,0.2389E-6,1.0000E-12
1552.5038,0.2179E-6,1.0000E-12
1552.7124,0.1998E-6,1.0000E-12
1552.921,0.1808E-6,1.0000E-12
1553.1296,0.1661E-6,1.0000E-12
1553.3382,0.1462E-6,1.0000E-12
1553.5468,0.1280E-6,1.0000E-12
1553.7554,0.1123E-6,1.0000E-12
1553.964,0.1007E-6,1.0000E-12
1554.1726,0.8888E-7,1.0000E-12
1554.3812,0.7601E-7,1.0000E-12
1554.5898,0.6213E-7,1.0000E-12
1554.7984,0.5329E-7,1.0000E-12
1555.007,0.4092E-7,1.0000E-12
1555.2156,0.3276E-7,1.0000E-12
1555.4242,0.2550E-7,1.0000E-12
1555.6328,0.1901E-7,1.0000E-12
1555.8414,0.1311E-7,1.0000E-12
1556.05,0.9039E-8,1.0000E-12
1556.2586,0.1024E-7,1.0000E-12
1556.4672,0.8666E-8,1.0000E-12
1556.6758,0.4752E-8,1.0000E-12
1556.8844,0.5571E-8,1.0000E-12
1557.093,0.5674E-8,1.0000E-12
1557.3016,0.8904E-8,1.0000E-12
1557.5102,0.9808E-8,1.0000E-12
1557.7188,0.1045E-7,1.0000E-12
1557.9274,0.2649E-7,1.0000E-12
1558.136,0.1025E-7,1.0000E-12
1558.3446,0.3443E-7,1.0000E-12
1558.5532,0.4479E-7,1.0000E-12
1558.7618,0.5346E-7,1.0000E-12
1558.9704,0.6446E-7,1.0000E-12
1559.179,0.7943E-7,1.0000E-12
1559.3876,0.9539E-7,1.0000E-12
1559.5962,0.1118E-6,1.0000E-12
1559.8048,0.1286E-6,1.0000E-12
1560.0134,0.1458E-6,1.0000E-12
1560.222,0.1653E-6,1.0000E-12
1560.4306,0.1834E-6,1.0000E-12
1560.6392,0.2045E-6,1.0000E-12
1560.8478,0.2272E-6,1.0000E-12
1561.0564,0.2493E-6,1.0000E-12
1561.265,0.2714E-6,1.0000E-12
1561.4736,0.2962E-6,1.0000E-12
1561.6822,0.3213E-6,1.0000E-12
1561.8908,0.3467E-6,1.0000E-12
1562.0994,0.3723E-6,1.0000E-12
1562.308,0.4000E-6,1.0000E-12
1562.5166,0.4289E-6,1.0000E-12
1562.7252,0.4567E-6,1.0000E-12
1562.9338,0.4826E-6,1.0000E-12
1563.1424,0.5116E-6,1.0000E-12
1563.351,0.5397E-6,1.0000E-12
1563.5596,0.5686E-6,1.0000E-12
1563.7682,0.5982E-6,1.0000E-12
1563.9768,0.6259E-6,1.0000E-12
1564.1854,0.6508E-6,1.0000E-12
1564.394,0.6713E-6,1.0000E-12
1564.6026,0.6942E-6,1.0000E-12
1564.8112,0.7171E-6,1.0000E-12
1565.0198,0.7391E-6,1.0000E-12
1565.2284,0.7601E-6,1.0000E-12
1565.437,0.7780E-6,1.0000E-12
1565.6456,0.7959E-6,1.0000E-12
1565.8542,0.8118E-6,1.0000E-12
1566.0628,0.8293E-6,1.0000E-12
1566.2714,0.8483E-6,1.0000E-12
1566.48,0.8634E-6,1.0000E-12
1566.6886,0.8745E-6,1.0000E-12
1566.8972,0.8801E-6,1.0000E-12
1567.1058,0.8856E-6,1.0000E-12
1567.3144,0.8856E-6,1.0000E-12
1567.523,0.8872E-6,1.0000E-12
1567.7316,0.8872E-6,1.0000E-12
1567.9402,0.8840E-6,1.0000E-12
1568.1488,0.8761E-6,1.0000E-12
1568.3574,0.8666E-6,1.0000E-12
1568.566,0.8578E-6,1.0000E-12
1568.7746,0.8451E-6,1.0000E-12
1568.9832,0.8301E-6,1.0000E-12
1569.1918,0.8182E-6,1.0000E-12
1569.4004,0.8039E-6,1.0000E-12
1569.609,0.7836E-6,1.0000E-12
1569.8176,0.7655E-6,1.0000E-12
1570.0262,0.7443E-6,1.0000E-12
1570.2348,0.7238E-6,1.0000E-12
1570.4434,0.7020E-6,1.0000E-12
1570.652,0.6841E-6,1.0000E-12
1570.8606,0.6645E-6,1.0000E-12
1571.0692,0.6413E-6,1.0000E-12
1571.2778,0.6163E-6,1.0000E-12
1571.4864,0.5968E-6,1.0000E-12
1571.695,0.5755E-6,1.0000E-12
1571.9036,0.5521E-6,1.0000E-12
1572.1122,0.5302E-6,1.0000E-12
1572.3208,0.5092E-6,1.0000E-12
1572.5294,0.4893E-6,1.0000E-12
1572.738,0.4671E-6,1.0000E-12
1572.9466,0.4510E-6,1.0000E-12
1573.1552,0.4346E-6,1.0000E-12
1573.3638,0.4158E-6,1.0000E-12
1573.5724,0.3981E-6,1.0000E-12
1573.781,0.3823E-6,1.0000E-12
1573.9896,0.3642E-6,1.0000E-12
1574.1982,0.3487E-6,1.0000E-12
1574.4068,0.3314E-6,1.0000E-12
1574.6154,0.3199E-6,1.0000E-12
1574.824,0.3015E-6,1.0000E-12
1575.0326,0.2852E-6,1.0000E-12
1575.2412,0.2697E-6,1.0000E-12
1575.4498,0.2525E-6,1.0000E-12
1575.6584,0.2405E-6,1.0000E-12
1575.867,0.2306E-6,1.0000E-12
1576.0756,0.2166E-6,1.0000E-12
1576.2842,0.2049E-6,1.0000E-12
1576.4928,0.1902E-6,1.0000E-12
1576.7014,0.1809E-6,1.0000E-12
1576.91,0.1730E-6,1.0000E-12
1577.1186,0.1638E-6,1.0000E-12
1577.3272,0.1581E-6,1.0000E-12
1577.5358,0.1468E-6,1.0000E-12
1577.7444,0.1366E-6,1.0000E-12
1577.953,0.1276E-6,1.0000E-12
1578.1616,0.1181E-6,1.0000E-12
1578.3702,0.1106E-6,1.0000E-12
1578.5788,0.1011E-6,1.0000E-12
1578.7874,0.9237E-7,1.0000E-12
1578.996,0.8555E-7,1.0000E-12
1579.2046,0.7553E-7,1.0000E-12
1579.4132,0.6967E-7,1.0000E-12
1579.6218,0.5885E-7,1.0000E-12
1579.8304,0.5179E-7,1.0000E-12
1580.039,0.4574E-7,1.0000E-12
1580.2476,0.3925E-7,1.0000E-12
1580.4562,0.3591E-7,1.0000E-12
1580.6648,0.3138E-7,1.0000E-12
1580.8734,0.2745E-7,1.0000E-12
1581.082,0.2251E-7,1.0000E-12
1581.2906,0.1825E-7,1.0000E-12
1581.4992,0.2263E-7,1.0000E-12
1581.7078,0.2033E-7,1.0000E-12
1581.9164,0.1760E-7,1.0000E-12
1582.125,0.1607E-7,1.0000E-12
1582.3336,0.1252E-7,1.0000E-12
1582.5422,0.9618E-8,1.0000E-12
1582.7508,0.2099E-8,1.0000E-12
1582.9594,0.8475E-8,1.0000E-12
1583.168,0.1018E-7,1.0000E-12
1583.3766,0.3152E-8,1.0000E-12
1583.5852,0.4990E-8,1.0000E-12
1583.7938,0.8856E-8,1.0000E-12
1584.0024,0.3740E-8,1.0000E-12
1584.211,0.3634E-8,1.0000E-12
1584.4196,0.2222E-8,1.0000E-12
1584.6282,0.1368E-7,1.0000E-12
1584.8368,0.1395E-7,1.0000E-12
1585.0454,0.1371E-7,1.0000E-12
1585.254,0.1722E-7,1.0000E-12
1585.4626,0.2189E-7,1.0000E-12
1585.6712,0.2609E-7,1.0000E-12
1585.8798,0.3048E-7,1.0000E-12
1586.0884,0.3722E-7,1.0000E-12
1586.297,0.4144E-7,1.0000E-12
1586.5056,0.4837E-7,1.0000E-12
1586.7142,0.5727E-7,1.0000E-12
1586.9228,0.6436E-7,1.0000E-12
1587.1314,0.6909E-7,1.0000E-12
1587.34,0.7363E-7,1.0000E-12
1587.5486,0.7664E-7,1.0000E-12
1587.7572,0.8126E-7,1.0000E-12
1587.9658,0.8674E-7,1.0000E-12
1588.1744,0.9380E-7,1.0000E-12
1588.383,0.9681E-7,1.0000E-12
1588.5916,0.1032E-6,1.0000E-12
1588.8002,0.1093E-6,1.0000E-12
1589.0088,0.1166E-6,1.0000E-12
1589.2174,0.1281E-6,1.0000E-12
1589.426,0.1393E-6,1.0000E-12
1589.6346,0.1488E-6,1.0000E-12
1589.8432,0.1580E-6,1.0000E-12
1590.0518,0.1646E-6,1.0000E-12
1590.2604,0.1741E-6,1.0000E-12
1590.469,0.1793E-6,1.0000E-12
1590.6776,0.1853E-6,1.0000E-12
1590.8862,0.1926E-6,1.0000E-12
1591.0948,0.1961E-6,1.0000E-12
1591.3034,0.2012E-6,1.0000E-12
1591.512,0.2065E-6,1.0000E-12
1591.7206,0.2153E-6,1.0000E-12
1591.9292,0.2240E-6,1.0000E-12
1592.1378,0.2328E-6,1.0000E-12
1592.3464,0.2406E-6,1.0000E-12
1592.555,0.2469E-6,1.0000E-12
1592.7636,0.2557E-6,1.0000E-12
1592.9722,0.2648E-6,1.0000E-12
1593.1808,0.2710E-6,1.0000E-12
1593.3894,0.2787E-6,1.0000E-12
1593.598,0.2809E-6,1.0000E-12
1593.8066,0.2838E-6,1.0000E-12
1594.0152,0.2870E-6,1.0000E-12
1594.2238,0.2927E-6,1.0000E-12
1594.4324,0.2979E-6,1.0000E-12
1594.641,0.3000E-6,1.0000E-12
1594.8496,0.3026E-6,1.0000E-12
1595.0582,0.3060E-6,1.0000E-12
1595.2668,0.3065E-6,1.0000E-12
1595.4754,0.3114E-6,1.0000E-12
1595.684,0.3167E-6,1.0000E-12
1595.8926,0.3191E-6,1.0000E-12
1596.1012,0.3187E-6,1.0000E-12
1596.3098,0.3183E-6,1.0000E-12
1596.5184,0.3215E-6,1.0000E-12
1596.727,0.3221E-6,1.0000E-12
1596.9356,0.3229E-6,1.0000E-12
1597.1442,0.3247E-6,1.0000E-12
1597.3528,0.3225E-6,1.0000E-12
1597.5614,0.3212E-6,1.0000E-12
1597.77,0.3196E-6,1.0000E-12
1597.9786,0.3192E-6,1.0000E-12
1598.1872,0.3198E-6,1.0000E-12
1598.3958,0.3194E-6,1.0000E-12
1598.6044,0.3179E-6,1.0000E-12
1598.813,0.3129E-6,1.0000E-12
1599.0216,0.3117E-6,1.0000E-12
1599.2302,0.3081E-6,1.0000E-12
1599.4388,0.3048E-6,1.0000E-12
1599.6474,0.3025E-6,1.0000E-12
1599.856,0.2983E-6,1.0000E-12
1600.0646,0.2934E-6,1.0000E-12
1600.2732,0.2845E-6,1.0000E-12
1600.4818,0.2779E-6,1.0000E-12
1600.6904,0.2767E-6,1.0000E-12
1600.899,0.2709E-6,1.0000E-12
1601.1076,0.2655E-6,1.0000E-12
1601.3162,0.2591E-6,1.0000E-12
1601.5248,0.2503E-6,1.0000E-12
1601.7334,0.2445E-6,1.0000E-12
1601.942,0.2377E-6,1.0000E-12
1602.1506,0.2329E-6,1.0000E-12
1602.3592,0.2263E-6,1.0000E-12
1602.5678,0.2149E-6,1.0000E-12
1602.7764,0.2049E-6,1.0000E-12
1602.985,0.1980E-6,1.0000E-12
1603.1936,0.1904E-6,1.0000E-12
1603.4022,0.1837E-6,1.0000E-12
1603.6108,0.1778E-6,1.0000E-12
1603.8194,0.1706E-6,1.0000E-12
1604.028,0.1618E-6,1.0000E-12
1604.2366,0.1522E-6,1.0000E-12
1604.4452,0.1469E-6,1.0000E-12
1604.6538,0.1400E-6,1.0000E-12
1604.8624,0.1325E-6,1.0000E-12
1605.071,0.1232E-6,1.0000E-12
1605.2796,0.1178E-6,1.0000E-12
1605.4882,0.1086E-6,1.0000E-12
1605.6968,0.9872E-7,1.0000E-12
1605.9054,0.9245E-7,1.0000E-12
1606.114,0.8594E-7,1.0000E-12
1606.3226,0.7852E-7,1.0000E-12
1606.5312,0.7450E-7,1.0000E-12
1606.7398,0.6719E-7,1.0000E-12
1606.9484,0.6401E-7,1.0000E-12
1607.157,0.5567E-7,1.0000E-12
1607.3656,0.5118E-7,1.0000E-12
1607.5742,0.5043E-7,1.0000E-12
1607.7828,0.4775E-7,1.0000E-12
1607.9914,0.4698E-7,1.0000E-12
1608.2,0.4646E-7,1.0000E-12
