File,DATA10.txt
Date/Time,17-06-28/00:25

Center,1556.05,nm
Span,104.3,nm
Start,1503.9,nm
Stop,1608.2,nm
Value in Air
Resolution,0.1,nm
Act-Res,0.095,nm
VBW,1000,Hz
Pt_Avg,10
Smooth,9,pt
Smplg,501,pt
Opt.ATT,Off
Dynamic Range,High
Normal



Trace,A
Memory,A
Start,1503.9,nm
Stop,1608.2,nm
1503.9,0.1604E-6,1.0000E-12
1504.1086,0.1580E-6,1.0000E-12
1504.3172,0.1573E-6,1.0000E-12
1504.5258,0.1558E-6,1.0000E-12
1504.7344,0.1552E-6,1.0000E-12
1504.943,0.1550E-6,1.0000E-12
1505.1516,0.1547E-6,1.0000E-12
1505.3602,0.1538E-6,1.0000E-12
1505.5688,0.1522E-6,1.0000E-12
1505.7774,0.1530E-6,1.0000E-12
1505.986,0.1545E-6,1.0000E-12
1506.1946,0.1562E-6,1.0000E-12
1506.4032,0.1575E-6,1.0000E-12
1506.6118,0.1587E-6,1.0000E-12
1506.8204,0.1587E-6,1.0000E-12
1507.029,0.1545E-6,1.0000E-12
1507.2376,0.1528E-6,1.0000E-12
1507.4462,0.1510E-6,1.0000E-12
1507.6548,0.1515E-6,1.0000E-12
1507.8634,0.1490E-6,1.0000E-12
1508.072,0.1457E-6,1.0000E-12
1508.2806,0.1419E-6,1.0000E-12
1508.4892,0.1396E-6,1.0000E-12
1508.6978,0.1389E-6,1.0000E-12
1508.9064,0.1368E-6,1.0000E-12
1509.115,0.1352E-6,1.0000E-12
1509.3236,0.1307E-6,1.0000E-12
1509.5322,0.1222E-6,1.0000E-12
1509.7408,0.1201E-6,1.0000E-12
1509.9494,0.1162E-6,1.0000E-12
1510.158,0.1143E-6,1.0000E-12
1510.3666,0.1095E-6,1.0000E-12
1510.5752,0.1004E-6,1.0000E-12
1510.7838,0.9642E-7,1.0000E-12
1510.9924,0.9023E-7,1.0000E-12
1511.201,0.8785E-7,1.0000E-12
1511.4096,0.8459E-7,1.0000E-12
1511.6182,0.7860E-7,1.0000E-12
1511.8268,0.7192E-7,1.0000E-12
1512.0354,0.6593E-7,1.0000E-12
1512.244,0.6205E-7,1.0000E-12
1512.4526,0.5977E-7,1.0000E-12
1512.6612,0.5582E-7,1.0000E-12
1512.8698,0.5640E-7,1.0000E-12
1513.0784,0.5030E-7,1.0000E-12
1513.287,0.4637E-7,1.0000E-12
1513.4956,0.4586E-7,1.0000E-12
1513.7042,0.4268E-7,1.0000E-12
1513.9128,0.3705E-7,1.0000E-12
1514.1214,0.3214E-7,1.0000E-12
1514.33,0.2808E-7,1.0000E-12
1514.5386,0.2385E-7,1.0000E-12
1514.7472,0.1624E-7,1.0000E-12
1514.9558,0.1613E-7,1.0000E-12
1515.1644,0.1747E-7,1.0000E-12
1515.373,0.1422E-7,1.0000E-12
1515.5816,0.7895E-8,1.0000E-12
1515.7902,0.1382E-7,1.0000E-12
1515.9988,0.1151E-7,1.0000E-12
1516.2074,0.4216E-8,1.0000E-12
1516.416,0.3144E-9,1.0000E-12
1516.6246,0.9658E-8,1.0000E-12
1516.8332,0.7549E-8,1.0000E-12
1517.0418,0.5687E-8,1.0000E-12
1517.2504,0.2261E-8,1.0000E-12
1517.459,0.5478E-8,1.0000E-12
1517.6676,0.8848E-9,1.0000E-12
1517.8762,0.7380E-9,1.0000E-12
1518.0848,0.2920E-8,1.0000E-12
1518.2934,0.4694E-8,1.0000E-12
1518.502,0.7187E-8,1.0000E-12
1518.7106,0.1455E-7,1.0000E-12
1518.9192,0.2826E-8,1.0000E-12
1519.1278,0.1684E-7,1.0000E-12
1519.3364,0.9142E-8,1.0000E-12
1519.545,0.2731E-7,1.0000E-12
1519.7536,0.3318E-7,1.0000E-12
1519.9622,0.3949E-7,1.0000E-12
1520.1708,0.4350E-7,1.0000E-12
1520.3794,0.5175E-7,1.0000E-12
1520.588,0.5946E-7,1.0000E-12
1520.7966,0.6849E-7,1.0000E-12
1521.0052,0.7586E-7,1.0000E-12
1521.2138,0.8094E-7,1.0000E-12
1521.4224,0.8483E-7,1.0000E-12
1521.631,0.9253E-7,1.0000E-12
1521.8396,0.9666E-7,1.0000E-12
1522.0482,0.1014E-6,1.0000E-12
1522.2568,0.1088E-6,1.0000E-12
1522.4654,0.1173E-6,1.0000E-12
1522.674,0.1278E-6,1.0000E-12
1522.8826,0.1380E-6,1.0000E-12
1523.0912,0.1491E-6,1.0000E-12
1523.2998,0.1574E-6,1.0000E-12
1523.5084,0.1611E-6,1.0000E-12
1523.717,0.1675E-6,1.0000E-12
1523.9256,0.1787E-6,1.0000E-12
1524.1342,0.1872E-6,1.0000E-12
1524.3428,0.1951E-6,1.0000E-12
1524.5514,0.2017E-6,1.0000E-12
1524.76,0.2070E-6,1.0000E-12
1524.9686,0.2119E-6,1.0000E-12
1525.1772,0.2191E-6,1.0000E-12
1525.3858,0.2282E-6,1.0000E-12
1525.5944,0.2372E-6,1.0000E-12
1525.803,0.2456E-6,1.0000E-12
1526.0116,0.2517E-6,1.0000E-12
1526.2202,0.2578E-6,1.0000E-12
1526.4288,0.2680E-6,1.0000E-12
1526.6374,0.2768E-6,1.0000E-12
1526.846,0.2850E-6,1.0000E-12
1527.0546,0.2933E-6,1.0000E-12
1527.2632,0.3014E-6,1.0000E-12
1527.4718,0.3068E-6,1.0000E-12
1527.6804,0.3111E-6,1.0000E-12
1527.889,0.3195E-6,1.0000E-12
1528.0976,0.3251E-6,1.0000E-12
1528.3062,0.3265E-6,1.0000E-12
1528.5148,0.3264E-6,1.0000E-12
1528.7234,0.3291E-6,1.0000E-12
1528.932,0.3306E-6,1.0000E-12
1529.1406,0.3325E-6,1.0000E-12
1529.3492,0.3363E-6,1.0000E-12
1529.5578,0.3376E-6,1.0000E-12
1529.7664,0.3364E-6,1.0000E-12
1529.975,0.3348E-6,1.0000E-12
1530.1836,0.3322E-6,1.0000E-12
1530.3922,0.3345E-6,1.0000E-12
1530.6008,0.3354E-6,1.0000E-12
1530.8094,0.3334E-6,1.0000E-12
1531.018,0.3309E-6,1.0000E-12
1531.2266,0.3271E-6,1.0000E-12
1531.4352,0.3226E-6,1.0000E-12
1531.6438,0.3185E-6,1.0000E-12
1531.8524,0.3161E-6,1.0000E-12
1532.061,0.3141E-6,1.0000E-12
1532.2696,0.3094E-6,1.0000E-12
1532.4782,0.3025E-6,1.0000E-12
1532.6868,0.3006E-6,1.0000E-12
1532.8954,0.2991E-6,1.0000E-12
1533.104,0.2957E-6,1.0000E-12
1533.3126,0.2912E-6,1.0000E-12
1533.5212,0.2848E-6,1.0000E-12
1533.7298,0.2808E-6,1.0000E-12
1533.9384,0.2746E-6,1.0000E-12
1534.147,0.2705E-6,1.0000E-12
1534.3556,0.2680E-6,1.0000E-12
1534.5642,0.2613E-6,1.0000E-12
1534.7728,0.2539E-6,1.0000E-12
1534.9814,0.2491E-6,1.0000E-12
1535.19,0.2437E-6,1.0000E-12
1535.3986,0.2406E-6,1.0000E-12
1535.6072,0.2353E-6,1.0000E-12
1535.8158,0.2321E-6,1.0000E-12
1536.0244,0.2247E-6,1.0000E-12
1536.233,0.2132E-6,1.0000E-12
1536.4416,0.2059E-6,1.0000E-12
1536.6502,0.1991E-6,1.0000E-12
1536.8588,0.1910E-6,1.0000E-12
1537.0674,0.1848E-6,1.0000E-12
1537.276,0.1784E-6,1.0000E-12
1537.4846,0.1658E-6,1.0000E-12
1537.6932,0.1557E-6,1.0000E-12
1537.9018,0.1453E-6,1.0000E-12
1538.1104,0.1384E-6,1.0000E-12
1538.319,0.1302E-6,1.0000E-12
1538.5276,0.1203E-6,1.0000E-12
1538.7362,0.1093E-6,1.0000E-12
1538.9448,0.9848E-7,1.0000E-12
1539.1534,0.8777E-7,1.0000E-12
1539.362,0.7729E-7,1.0000E-12
1539.5706,0.6578E-7,1.0000E-12
1539.7792,0.5798E-7,1.0000E-12
1539.9878,0.4843E-7,1.0000E-12
1540.1964,0.4087E-7,1.0000E-12
1540.405,0.3416E-7,1.0000E-12
1540.6136,0.2964E-7,1.0000E-12
1540.8222,0.2456E-7,1.0000E-12
1541.0308,0.1784E-7,1.0000E-12
1541.2394,0.1607E-7,1.0000E-12
1541.448,0.1457E-7,1.0000E-12
1541.6566,0.1388E-7,1.0000E-12
1541.8652,0.1261E-7,1.0000E-12
1542.0738,0.1307E-7,1.0000E-12
1542.2824,0.1111E-7,1.0000E-12
1542.491,0.9824E-8,1.0000E-12
1542.6996,0.3817E-8,1.0000E-12
1542.9082,0.5817E-8,1.0000E-12
1543.1168,0.1773E-7,1.0000E-12
1543.3254,0.2291E-7,1.0000E-12
1543.534,0.2207E-7,1.0000E-12
1543.7426,0.3225E-7,1.0000E-12
1543.9512,0.3875E-7,1.0000E-12
1544.1598,0.5179E-7,1.0000E-12
1544.3684,0.6357E-7,1.0000E-12
1544.577,0.7661E-7,1.0000E-12
1544.7856,0.8904E-7,1.0000E-12
1544.9942,0.1025E-6,1.0000E-12
1545.2028,0.1176E-6,1.0000E-12
1545.4114,0.1362E-6,1.0000E-12
1545.62,0.1550E-6,1.0000E-12
1545.8286,0.1729E-6,1.0000E-12
1546.0372,0.1887E-6,1.0000E-12
1546.2458,0.2091E-6,1.0000E-12
1546.4544,0.2285E-6,1.0000E-12
1546.663,0.2514E-6,1.0000E-12
1546.8716,0.2741E-6,1.0000E-12
1547.0802,0.2975E-6,1.0000E-12
1547.2888,0.3200E-6,1.0000E-12
1547.4974,0.3431E-6,1.0000E-12
1547.706,0.3665E-6,1.0000E-12
1547.9146,0.3927E-6,1.0000E-12
1548.1232,0.4164E-6,1.0000E-12
1548.3318,0.4399E-6,1.0000E-12
1548.5404,0.4640E-6,1.0000E-12
1548.749,0.4878E-6,1.0000E-12
1548.9576,0.5132E-6,1.0000E-12
1549.1662,0.5389E-6,1.0000E-12
1549.3748,0.5640E-6,1.0000E-12
1549.5834,0.5863E-6,1.0000E-12
1549.792,0.6090E-6,1.0000E-12
1550.0006,0.6329E-6,1.0000E-12
1550.2092,0.6595E-6,1.0000E-12
1550.4178,0.6855E-6,1.0000E-12
1550.6264,0.7086E-6,1.0000E-12
1550.835,0.7305E-6,1.0000E-12
1551.0436,0.7565E-6,1.0000E-12
1551.2522,0.7795E-6,1.0000E-12
1551.4608,0.8062E-6,1.0000E-12
1551.6694,0.8293E-6,1.0000E-12
1551.878,0.8499E-6,1.0000E-12
1552.0866,0.8689E-6,1.0000E-12
1552.2952,0.8872E-6,1.0000E-12
1552.5038,0.9094E-6,1.0000E-12
1552.7124,0.9245E-6,1.0000E-12
1552.921,0.9364E-6,1.0000E-12
1553.1296,0.9507E-6,1.0000E-12
1553.3382,0.9618E-6,1.0000E-12
1553.5468,0.9777E-6,1.0000E-12
1553.7554,0.9904E-6,1.0000E-12
1553.964,0.9991E-6,1.0000E-12
1554.1726,0.1008E-5,1.0000E-12
1554.3812,0.1015E-5,1.0000E-12
1554.5898,0.1024E-5,1.0000E-12
1554.7984,0.1032E-5,1.0000E-12
1555.007,0.1038E-5,1.0000E-12
1555.2156,0.1041E-5,1.0000E-12
1555.4242,0.1041E-5,1.0000E-12
1555.6328,0.1041E-5,1.0000E-12
1555.8414,0.1045E-5,1.0000E-12
1556.05,0.1053E-5,1.0000E-12
1556.2586,0.1053E-5,1.0000E-12
1556.4672,0.1053E-5,1.0000E-12
1556.6758,0.1049E-5,1.0000E-12
1556.8844,0.1049E-5,1.0000E-12
1557.093,0.1048E-5,1.0000E-12
1557.3016,0.1045E-5,1.0000E-12
1557.5102,0.1041E-5,1.0000E-12
1557.7188,0.1031E-5,1.0000E-12
1557.9274,0.1017E-5,1.0000E-12
1558.136,0.1007E-5,1.0000E-12
1558.3446,0.9975E-6,1.0000E-12
1558.5532,0.9864E-6,1.0000E-12
1558.7618,0.9705E-6,1.0000E-12
1558.9704,0.9531E-6,1.0000E-12
1559.179,0.9388E-6,1.0000E-12
1559.3876,0.9237E-6,1.0000E-12
1559.5962,0.9078E-6,1.0000E-12
1559.8048,0.8896E-6,1.0000E-12
1560.0134,0.8666E-6,1.0000E-12
1560.222,0.8404E-6,1.0000E-12
1560.4306,0.8182E-6,1.0000E-12
1560.6392,0.7991E-6,1.0000E-12
1560.8478,0.7757E-6,1.0000E-12
1561.0564,0.7496E-6,1.0000E-12
1561.265,0.7197E-6,1.0000E-12
1561.4736,0.6909E-6,1.0000E-12
1561.6822,0.6609E-6,1.0000E-12
1561.8908,0.6359E-6,1.0000E-12
1562.0994,0.6059E-6,1.0000E-12
1562.308,0.5748E-6,1.0000E-12
1562.5166,0.5398E-6,1.0000E-12
1562.7252,0.5101E-6,1.0000E-12
1562.9338,0.4779E-6,1.0000E-12
1563.1424,0.4500E-6,1.0000E-12
1563.351,0.4198E-6,1.0000E-12
1563.5596,0.3898E-6,1.0000E-12
1563.7682,0.3610E-6,1.0000E-12
1563.9768,0.3333E-6,1.0000E-12
1564.1854,0.3060E-6,1.0000E-12
1564.394,0.2817E-6,1.0000E-12
1564.6026,0.2553E-6,1.0000E-12
1564.8112,0.2324E-6,1.0000E-12
1565.0198,0.2073E-6,1.0000E-12
1565.2284,0.1849E-6,1.0000E-12
1565.437,0.1615E-6,1.0000E-12
1565.6456,0.1388E-6,1.0000E-12
1565.8542,0.1203E-6,1.0000E-12
1566.0628,0.1028E-6,1.0000E-12
1566.2714,0.8824E-7,1.0000E-12
1566.48,0.7063E-7,1.0000E-12
1566.6886,0.5423E-7,1.0000E-12
1566.8972,0.4215E-7,1.0000E-12
1567.1058,0.3162E-7,1.0000E-12
1567.3144,0.2680E-7,1.0000E-12
1567.523,0.2010E-7,1.0000E-12
1567.7316,0.1492E-7,1.0000E-12
1567.9402,0.9824E-8,1.0000E-12
1568.1488,0.3077E-8,1.0000E-12
1568.3574,0.2385E-8,1.0000E-12
1568.566,0.3276E-8,1.0000E-12
1568.7746,0.2674E-8,1.0000E-12
1568.9832,0.6811E-8,1.0000E-12
1569.1918,0.7928E-8,1.0000E-12
1569.4004,0.1117E-7,1.0000E-12
1569.609,0.1793E-7,1.0000E-12
1569.8176,0.7870E-8,1.0000E-12
1570.0262,0.2782E-7,1.0000E-12
1570.2348,0.3571E-7,1.0000E-12
1570.4434,0.4544E-7,1.0000E-12
1570.652,0.5332E-7,1.0000E-12
1570.8606,0.6271E-7,1.0000E-12
1571.0692,0.7153E-7,1.0000E-12
1571.2778,0.8348E-7,1.0000E-12
1571.4864,0.9094E-7,1.0000E-12
1571.695,0.1046E-6,1.0000E-12
1571.9036,0.1172E-6,1.0000E-12
1572.1122,0.1277E-6,1.0000E-12
1572.3208,0.1376E-6,1.0000E-12
1572.5294,0.1466E-6,1.0000E-12
1572.738,0.1564E-6,1.0000E-12
1572.9466,0.1703E-6,1.0000E-12
1573.1552,0.1791E-6,1.0000E-12
1573.3638,0.1880E-6,1.0000E-12
1573.5724,0.1966E-6,1.0000E-12
1573.781,0.2044E-6,1.0000E-12
1573.9896,0.2143E-6,1.0000E-12
1574.1982,0.2211E-6,1.0000E-12
1574.4068,0.2319E-6,1.0000E-12
1574.6154,0.2412E-6,1.0000E-12
1574.824,0.2480E-6,1.0000E-12
1575.0326,0.2564E-6,1.0000E-12
1575.2412,0.2656E-6,1.0000E-12
1575.4498,0.2720E-6,1.0000E-12
1575.6584,0.2799E-6,1.0000E-12
1575.867,0.2856E-6,1.0000E-12
1576.0756,0.2944E-6,1.0000E-12
1576.2842,0.3002E-6,1.0000E-12
1576.4928,0.3067E-6,1.0000E-12
1576.7014,0.3126E-6,1.0000E-12
1576.91,0.3205E-6,1.0000E-12
1577.1186,0.3271E-6,1.0000E-12
1577.3272,0.3333E-6,1.0000E-12
1577.5358,0.3386E-6,1.0000E-12
1577.7444,0.3445E-6,1.0000E-12
1577.953,0.3500E-6,1.0000E-12
1578.1616,0.3575E-6,1.0000E-12
1578.3702,0.3627E-6,1.0000E-12
1578.5788,0.3664E-6,1.0000E-12
1578.7874,0.3695E-6,1.0000E-12
1578.996,0.3741E-6,1.0000E-12
1579.2046,0.3794E-6,1.0000E-12
1579.4132,0.3857E-6,1.0000E-12
1579.6218,0.3931E-6,1.0000E-12
1579.8304,0.3970E-6,1.0000E-12
1580.039,0.3962E-6,1.0000E-12
1580.2476,0.3981E-6,1.0000E-12
1580.4562,0.3998E-6,1.0000E-12
1580.6648,0.4016E-6,1.0000E-12
1580.8734,0.4030E-6,1.0000E-12
1581.082,0.4030E-6,1.0000E-12
1581.2906,0.4018E-6,1.0000E-12
1581.4992,0.3975E-6,1.0000E-12
1581.7078,0.3971E-6,1.0000E-12
1581.9164,0.3964E-6,1.0000E-12
1582.125,0.3972E-6,1.0000E-12
1582.3336,0.3987E-6,1.0000E-12
1582.5422,0.3969E-6,1.0000E-12
1582.7508,0.3921E-6,1.0000E-12
1582.9594,0.3878E-6,1.0000E-12
1583.168,0.3833E-6,1.0000E-12
1583.3766,0.3812E-6,1.0000E-12
1583.5852,0.3756E-6,1.0000E-12
1583.7938,0.3701E-6,1.0000E-12
1584.0024,0.3664E-6,1.0000E-12
1584.211,0.3572E-6,1.0000E-12
1584.4196,0.3498E-6,1.0000E-12
1584.6282,0.3472E-6,1.0000E-12
1584.8368,0.3428E-6,1.0000E-12
1585.0454,0.3372E-6,1.0000E-12
1585.254,0.3318E-6,1.0000E-12
1585.4626,0.3264E-6,1.0000E-12
1585.6712,0.3208E-6,1.0000E-12
1585.8798,0.3102E-6,1.0000E-12
1586.0884,0.3041E-6,1.0000E-12
1586.297,0.2987E-6,1.0000E-12
1586.5056,0.2902E-6,1.0000E-12
1586.7142,0.2810E-6,1.0000E-12
1586.9228,0.2720E-6,1.0000E-12
1587.1314,0.2620E-6,1.0000E-12
1587.34,0.2529E-6,1.0000E-12
1587.5486,0.2466E-6,1.0000E-12
1587.7572,0.2399E-6,1.0000E-12
1587.9658,0.2306E-6,1.0000E-12
1588.1744,0.2204E-6,1.0000E-12
1588.383,0.2107E-6,1.0000E-12
1588.5916,0.2023E-6,1.0000E-12
1588.8002,0.1927E-6,1.0000E-12
1589.0088,0.1833E-6,1.0000E-12
1589.2174,0.1751E-6,1.0000E-12
1589.426,0.1635E-6,1.0000E-12
1589.6346,0.1530E-6,1.0000E-12
1589.8432,0.1411E-6,1.0000E-12
1590.0518,0.1321E-6,1.0000E-12
1590.2604,0.1231E-6,1.0000E-12
1590.469,0.1134E-6,1.0000E-12
1590.6776,0.1052E-6,1.0000E-12
1590.8862,0.9737E-7,1.0000E-12
1591.0948,0.8610E-7,1.0000E-12
1591.3034,0.7855E-7,1.0000E-12
1591.512,0.7217E-7,1.0000E-12
1591.7206,0.6809E-7,1.0000E-12
1591.9292,0.5975E-7,1.0000E-12
1592.1378,0.5190E-7,1.0000E-12
1592.3464,0.4517E-7,1.0000E-12
1592.555,0.4137E-7,1.0000E-12
1592.7636,0.3653E-7,1.0000E-12
1592.9722,0.3410E-7,1.0000E-12
1593.1808,0.3072E-7,1.0000E-12
1593.3894,0.2610E-7,1.0000E-12
1593.598,0.2087E-7,1.0000E-12
1593.8066,0.1918E-7,1.0000E-12
1594.0152,0.1758E-7,1.0000E-12
1594.2238,0.1648E-7,1.0000E-12
1594.4324,0.1270E-7,1.0000E-12
1594.641,0.1017E-7,1.0000E-12
1594.8496,0.9316E-8,1.0000E-12
1595.0582,0.7040E-8,1.0000E-12
1595.2668,0.4814E-9,1.0000E-12
1595.4754,0.4862E-8,1.0000E-12
1595.684,0.3743E-8,1.0000E-12
1595.8926,0.2903E-8,1.0000E-12
1596.1012,0.5737E-8,1.0000E-12
1596.3098,0.5379E-8,1.0000E-12
1596.5184,0.1284E-7,1.0000E-12
1596.727,0.1528E-7,1.0000E-12
1596.9356,0.1829E-7,1.0000E-12
1597.1442,0.2032E-7,1.0000E-12
1597.3528,0.2381E-7,1.0000E-12
1597.5614,0.2938E-7,1.0000E-12
1597.77,0.3325E-7,1.0000E-12
1597.9786,0.3664E-7,1.0000E-12
1598.1872,0.4283E-7,1.0000E-12
1598.3958,0.4898E-7,1.0000E-12
1598.6044,0.5421E-7,1.0000E-12
1598.813,0.6205E-7,1.0000E-12
1599.0216,0.6969E-7,1.0000E-12
1599.2302,0.7737E-7,1.0000E-12
1599.4388,0.8443E-7,1.0000E-12
1599.6474,0.9308E-7,1.0000E-12
1599.856,0.1028E-6,1.0000E-12
1600.0646,0.1101E-6,1.0000E-12
1600.2732,0.1208E-6,1.0000E-12
1600.4818,0.1301E-6,1.0000E-12
1600.6904,0.1385E-6,1.0000E-12
1600.899,0.1476E-6,1.0000E-12
1601.1076,0.1560E-6,1.0000E-12
1601.3162,0.1657E-6,1.0000E-12
1601.5248,0.1736E-6,1.0000E-12
1601.7334,0.1815E-6,1.0000E-12
1601.942,0.1914E-6,1.0000E-12
1602.1506,0.2012E-6,1.0000E-12
1602.3592,0.2104E-6,1.0000E-12
1602.5678,0.2206E-6,1.0000E-12
1602.7764,0.2329E-6,1.0000E-12
1602.985,0.2433E-6,1.0000E-12
1603.1936,0.2518E-6,1.0000E-12
1603.4022,0.2621E-6,1.0000E-12
1603.6108,0.2741E-6,1.0000E-12
1603.8194,0.2822E-6,1.0000E-12
1604.028,0.2879E-6,1.0000E-12
1604.2366,0.2956E-6,1.0000E-12
1604.4452,0.3040E-6,1.0000E-12
1604.6538,0.3110E-6,1.0000E-12
1604.8624,0.3194E-6,1.0000E-12
1605.071,0.3248E-6,1.0000E-12
1605.2796,0.3289E-6,1.0000E-12
1605.4882,0.3335E-6,1.0000E-12
1605.6968,0.3402E-6,1.0000E-12
1605.9054,0.3474E-6,1.0000E-12
1606.114,0.3558E-6,1.0000E-12
1606.3226,0.3606E-6,1.0000E-12
1606.5312,0.3615E-6,1.0000E-12
1606.7398,0.3674E-6,1.0000E-12
1606.9484,0.3741E-6,1.0000E-12
1607.157,0.3815E-6,1.0000E-12
1607.3656,0.3852E-6,1.0000E-12
1607.5742,0.3875E-6,1.0000E-12
1607.7828,0.3900E-6,1.0000E-12
1607.9914,0.3906E-6,1.0000E-12
1608.2,0.3920E-6,1.0000E-12
